0	chr1	121700000	123400000
1	chr10	38000000	39800000
2	chr11	51000000	53400000
3	chr12	33200000	35500000
4	chr13	16500000	17700000
5	chr14	16100000	17200000
6	chr15	17500000	19000000
7	chr16	35300000	36800000
8	chr17	22700000	25100000
9	chr18	15400000	18500000
10	chr19	24200000	26200000
11	chr2	91800000	93900000
12	chr20	25700000	28100000
13	chr21	10900000	12000000
14	chr22	13700000	15000000
15	chr3	87800000	90900000
16	chr4	48200000	50000000
17	chr5	46100000	48800000
18	chr6	58500000	59800000
19	chr7	58100000	60100000
20	chr8	43200000	45200000
21	chr9	42200000	43000000
22	chrX	58100000	61000000
23	chrY	10300000	10400000
